 1995  1  1995.0417  359.91 
 1995  2  1995.1250  360.18 
 1995  3  1995.2083  360.37 
 1995  4  1995.2917  360.76 
 1995  5  1995.3750  360.72 
 1995  6  1995.4583  360.98 
 1995  7  1995.5417  361.10 
 1995  8  1995.6250  360.93 
 1995  9  1995.7083  361.70 
 1995  A  1995.7917  361.52 
 1995  B  1995.8750  361.75 
 1995  C  1995.9583  361.67 
 1996  1  1996.0417  361.98 
 1996  2  1996.1250  362.47 
 1996  3  1996.2083  362.64 
 1996  4  1996.2917  361.99 
 1996  5  1996.3750  362.23 
 1996  6  1996.4583  362.82 
 1996  7  1996.5417  362.98 
 1996  8  1996.6250  363.13 
 1996  9  1996.7083  363.14 
 1996  A  1996.7917  363.12 
 1996  B  1996.8750  363.18 
 1996  C  1996.9583  363.23 
 1997  1  1997.0417  363.03 
 1997  2  1997.1250  363.40 
 1997  3  1997.2083  363.02 
 1997  4  1997.2917  363.82 
 1997  5  1997.3750  363.87 
 1997  6  1997.4583  363.56 
 1997  7  1997.5417  363.74 
 1997  8  1997.6250  363.98 
 1997  9  1997.7083  363.83 
 1997  A  1997.7917  364.28 
 1997  B  1997.8750  364.71 
 1997  C  1997.9583  365.28 
 1998  1  1998.0417  365.19 
 1998  2  1998.1250  365.29 
 1998  3  1998.2083  365.73 
 1998  4  1998.2917  366.17 
 1998  5  1998.3750  366.68 
 1998  6  1998.4583  366.95 
 1998  7  1998.5417  367.29 
 1998  8  1998.6250  367.69 
 1998  9  1998.7083  367.51 
 1998  A  1998.7917  367.82 
 1998  B  1998.8750  367.70 
 1998  C  1998.9583  368.05 
 1999  1  1999.0417  368.13 
 1999  2  1999.1250  368.46 
 1999  3  1999.2083  368.24 
 1999  4  1999.2917  368.62 
 1999  5  1999.3750  368.31 
 1999  6  1999.4583  368.30 
 1999  7  1999.5417  368.93 
 1999  8  1999.6250  368.63 
 1999  9  1999.7083  368.28 
 1999  A  1999.7917  368.80 
 1999  B  1999.8750  368.86 
 1999  C  1999.9583  368.93 
 2000  1  2000.0417  369.24 
 2000  2  2000.1250  368.99 
 2000  3  2000.2083  369.24 
 2000  4  2000.2917  369.44 
 2000  5  2000.3750  368.87 
 2000  6  2000.4583  369.66 
 2000  7  2000.5417  369.36 
 2000  8  2000.6250  369.87 
 2000  9  2000.7083  370.46 
 2000  A  2000.7917  370.42 
 2000  B  2000.8750  370.48 
 2000  C  2000.9583  370.46 
 2001  1  2001.0417  370.60 
 2001  2  2001.1250  370.95 
 2001  3  2001.2083  371.06 
 2001  4  2001.2917  370.99 
 2001  5  2001.3750  371.11 
 2001  6  2001.4583  371.17 
 2001  7  2001.5417  371.08 
 2001  8  2001.6250  371.39 
 2001  9  2001.7083  371.61 
 2001  A  2001.7917  371.85 
 2001  B  2001.8750  371.92 
 2001  C  2001.9583  372.09 
 2002  1  2002.0417  372.48 
 2002  2  2002.1250  372.49 
 2002  3  2002.2083  372.61 
 2002  4  2002.2917  372.54 
 2002  5  2002.3750  372.98 
 2002  6  2002.4583  373.46 
 2002  7  2002.5417  373.58 
 2002  8  2002.6250  373.70 
 2002  9  2002.7083  374.29 
 2002  A  2002.7917  374.06 
 2002  B  2002.8750  374.52 
 2002  C  2002.9583  374.72 
 2003  1  2003.0417  374.82 
 2003  2  2003.1250  374.95 
 2003  3  2003.2083  374.99 
 2003  4  2003.2917  375.24 
 2003  5  2003.3750  375.73 
 2003  6  2003.4583  376.21 
 2003  7  2003.5417  376.37 
 2003  8  2003.6250  376.27 
 2003  9  2003.7083  376.65 
 2003  A  2003.7917  376.65 
 2003  B  2003.8750  376.99 
 2003  C  2003.9583  376.93 
 2004  1  2004.0417  376.96 
 2004  2  2004.1250  377.19 
 2004  3  2004.2083  377.40 
 2004  4  2004.2917  377.80 
 2004  5  2004.3750  377.66 
 2004  6  2004.4583  377.57 
 2004  7  2004.5417  377.12 
 2004  8  2004.6250  377.90 
 2004  9  2004.7083  377.80 
 2004  A  2004.7917  378.00 
 2004  B  2004.8750  378.49 
 2004  C  2004.9583  378.48 
 2005  1  2005.0417  378.37 
 2005  2  2005.1250  379.10 
 2005  3  2005.2083  379.45 
 2005  4  2005.2917  379.84 
 2005  5  2005.3750  379.49 
 2005  6  2005.4583  380.07 
 2005  7  2005.5417  380.38 
 2005  8  2005.6250  380.61 
 2005  9  2005.7083  380.20 
 2005  A  2005.7917  380.50 
 2005  B  2005.8750  380.69 
 2005  C  2005.9583  381.09 
 2006  1  2006.0417  381.33 
 2006  2  2006.1250  381.58 
 2006  3  2006.2083  381.32 
 2006  4  2006.2917  382.11 
 2006  5  2006.3750  382.06 
 2006  6  2006.4583  381.93 
 2006  7  2006.5417  382.10 
 2006  8  2006.6250  382.27 
 2006  9  2006.7083  382.35 
 2006  A  2006.7917  382.66 
 2006  B  2006.8750  382.52 
 2006  C  2006.9583  382.84 
 2007  1  2007.0417  382.88 
 2007  2  2007.1250  383.22 
 2007  3  2007.2083  383.17 
 2007  4  2007.2917  383.95 
 2007  5  2007.3750  383.56 
 2007  6  2007.4583  384.06 
 2007  7  2007.5417  384.25 
 2007  8  2007.6250  383.95 
 2007  9  2007.7083  384.56 
 2007  A  2007.7917  384.72 
 2007  B  2007.8750  384.90 
 2007  C  2007.9583  385.07 
 2008  1  2008.0417  385.54 
 2008  2  2008.1250  385.20 
 2008  3  2008.2083  384.72 
 2008  4  2008.2917  384.71 
 2008  5  2008.3750  385.69 
 2008  6  2008.4583  385.68 
 2008  7  2008.5417  386.04 
 2008  8  2008.6250  385.98 
 2008  9  2008.7083  386.68 
 2008  A  2008.7917  386.49 
 2008  B  2008.8750  386.59 
 2008  C  2008.9583  386.64 
 2009  1  2009.0417  386.86 
 2009  2  2009.1250  386.81 
 2009  3  2009.2083  387.54 
 2009  4  2009.2917  387.15 
 2009  5  2009.3750  387.24 
 2009  6  2009.4583  387.46 
 2009  7  2009.5417  387.77 
 2009  8  2009.6250  387.99 
 2009  9  2009.7083  388.22 
 2009  A  2009.7917  387.88 
 2009  B  2009.8750  388.36 
 2009  C  2009.9583  388.44 
 2010  1  2010.0417  388.62 
 2010  2  2010.1250  389.47 
 2010  3  2010.2083  389.85 
 2010  4  2010.2917  390.12 
 2010  5  2010.3750  390.09 
 2010  6  2010.4583  390.10 
 2010  7  2010.5417  389.93 
 2010  8  2010.6250  390.21 
 2010  9  2010.7083  390.32 
 2010  A  2010.7917  390.72 
 2010  B  2010.8750  390.99 
 2010  C  2010.9583  390.80 
 2011  1  2011.0417  391.19 
 2011  2  2011.1250  391.12 
 2011  3  2011.2083  391.27 
 2011  4  2011.2917  390.83 
 2011  5  2011.3750  391.24 
 2011  6  2011.4583  391.64 
 2011  7  2011.5417  392.25 
 2011  8  2011.6250  392.04 
 2011  9  2011.7083  392.60 
 2011  A  2011.7917  392.53 
 2011  B  2011.8750  392.64 
 2011  C  2011.9583  392.86 
 2012  1  2012.0417  393.07 
 2012  2  2012.1250  393.20 
 2012  3  2012.2083  392.99 
 2012  4  2012.2917  393.65 
 2012  5  2012.3750  393.73 
 2012  6  2012.4583  393.63 
 2012  7  2012.5417  394.12 
 2012  8  2012.6250  394.37 
 2012  9  2012.7083  394.74 
 2012  A  2012.7917  394.64 
 2012  B  2012.8750  395.25 
 2012  C  2012.9583  395.27 
 2013  1  2013.0417  395.62 
 2013  2  2013.1250  396.23 
 2013  3  2013.2083  396.07 
 2013  4  2013.2917  395.79 
 2013  5  2013.3750  396.64 
 2013  6  2013.4583  396.48 
 2013  7  2013.5417  397.12 
 2013  8  2013.6250  397.27 
 2013  9  2013.7083  397.24 
 2013  A  2013.7917  397.25 
 2013  B  2013.8750  397.35 
 2013  C  2013.9583  397.78 
 2014  1  2014.0417  397.74 
 2014  2  2014.1250  397.45 
 2014  3  2014.2083  398.37 
 2014  4  2014.2917  398.63 
 2014  5  2014.3750  398.56 
 2014  6  2014.4583  399.10 
 2014  7  2014.5417  398.85 
 2014  8  2014.6250  399.07 
 2014  9  2014.7083  399.11 
 2014  A  2014.7917  399.58 
 2014  B  2014.8750  399.49 
 2014  C  2014.9583  399.81 
 2015  1  2015.0417  399.92 
 2015  2  2015.1250  399.77 
 2015  3  2015.2083  400.22 
 2015  4  2015.2917  400.46 
 2015  5  2015.3750  400.70 
 2015  6  2015.4583  400.65 
 2015  7  2015.5417  401.11 
 2015  8  2015.6250  401.04 
 2015  9  2015.7083  401.43 
 2015  A  2015.7917  401.89 
 2015  B  2015.8750  402.24 
 2015  C  2015.9583  402.72 
 2016  1  2016.0417  402.45 
 2016  2  2016.1250  403.40 
 2016  3  2016.2083  403.54 
 2016  4  2016.2917  404.77 
 2016  5  2016.3750  404.41 
 2016  6  2016.4583  404.59 
 2016  7  2016.5417  404.24 
 2016  8  2016.6250  404.41 
 2016  9  2016.7083  404.85 
 2016  A  2016.7917  405.23 
 2016  B  2016.8750  405.74 
 2016  C  2016.9583  405.33 
 2017  1  2017.0417  406.04 
 2017  2  2017.1250  405.81 
 2017  3  2017.2083  406.05 
 2017  4  2017.2917  406.37 
 2017  5  2017.3750  406.37 
 2017  6  2017.4583  406.68 
 2017  7  2017.5417  407.01 
 2017  8  2017.6250  407.31 
 2017  9  2017.7083  407.17 
 2017  A  2017.7917  407.23 
 2017  B  2017.8750  407.36 
 2017  C  2017.9583  407.71 
 2018  1  2018.0417  407.82 
 2018  2  2018.1250  407.61 
 2018  3  2018.2083  408.06 
 2018  4  2018.2917  407.65 
 2018  5  2018.3750  407.98 
 2018  6  2018.4583  408.60 
 2018  7  2018.5417  408.59 
 2018  8  2018.6250  409.17 
 2018  9  2018.7083  409.31 
 2018  A  2018.7917  409.56 
 2018  B  2018.8750  410.24 
 2018  C  2018.9583  409.99 
 2019  1  2019.0417  410.67 
 2019  2  2019.1250  411.02 
 2019  3  2019.2083  410.73 
 2019  4  2019.2917  410.80 
 2019  5  2019.3750  411.37 
 2019  6  2019.4583  411.73 
 2019  7  2019.5417  411.63 
 2019  8  2019.6250  412.18 
 2019  9  2019.7083  412.36 
 2019  A  2019.7917  412.12 
 2019  B  2019.8750  412.52 
 2019  C  2019.9583  412.73 
 2020  1  2020.0417  413.25 
 2020  2  2020.1250  413.40 
 2020  3  2020.2083  413.29 
 2020  4  2020.2917  413.70 
 2020  5  2020.3750  413.82 
 2020  6  2020.4583  414.17 
 2020  7  2020.5417  414.28 
 2020  8  2020.6250  414.78 
 2020  9  2020.7083  415.12 
 2020  A  2020.7917  414.87 
 2020  B  2020.8750  415.16 
 2020  C  2020.9583  415.01 
 2021  1  2021.0417  415.16 
 2021  2  2021.1250  415.81 
 2021  3  2021.2083  416.19 
 2021  4  2021.2917  416.30 
 2021  5  2021.3750  415.63 
 2021  6  2021.4583  416.51 
 2021  7  2021.5417  416.62 
 2021  8  2021.6250  416.47 
 2021  9  2021.7083  416.90 
 2021  A  2021.7917  417.30 
 2021  B  2021.8750  417.05 
 2021  C  2021.9583  417.46 